dataset = [
    [4.51, 6.7], [5.89, 6.69], [7.11, 2.57], [5.22, 6.61], [4.98, 7.94],
    [2.95, 2.46], [5.55, 7.2], [7.64, 4.11], [5.06, 5.81], [8.49, 2.27],
    [4.96, 7.6], [1.31, 2.23], [4.71, 6.89], [7.5, 2.81], [5.22, 7.92],
    [2.39, 2.91], [2.15, 0.85], [8.19, 2.77], [8.44, 3.1], [7.99, 2.37],
    [7.2, 3.12], [4.34, 6.28], [7.93, 2.82], [1.64, 1.82], [7.72, 3.63],
    [2.04, 1.15], [1.46, 1.15], [8.13, 1.82], [4.87, 7.21], [1.72, 2.33],
    [4.68, 7.31], [1.39, 2.19], [3.43, 7.49], [0.97, 1.66], [1.72, 1.72],
    [1.86, 1.86], [1.67, 2.07], [7.59, 3.37], [2.3, 1.92], [5.49, 7.81],
    [5.05, 6.82], [8.21, 1.94], [8.62, 3.56], [2.88, 1.86], [8.2, 3.59]
]
